10.0 0.1
12.0 0.25
13.1 0.34
14.2 0.45
15.3 0.54
16.4 0.63
17.5 0.57
10.0 0.1
12.0 0.25
13.1 0.34
14.2 0.45
15.3 0.54
16.4 0.63
17.5 0.57
10.0 0.1
12.0 0.25
13.1 0.34
14.2 0.45
15.3 0.54
16.4 0.63
17.5 0.57
10.0 0.1
12.0 0.25
13.1 0.34
14.2 0.45
15.3 0.54
16.4 0.63
17.5 0.57
10.0 0.1
12.0 0.25
13.1 0.34
14.2 0.45
15.3 0.54
16.4 0.63
17.5 0.57
10.0 0.1
12.0 0.25
13.1 0.34
14.2 0.45
15.3 0.54
16.4 0.63
17.5 0.57
10.0 0.1
12.0 0.25
13.1 0.34
14.2 0.45
15.3 0.54
16.4 0.63
17.5 0.57
10.0 0.1
12.0 0.25
13.1 0.34
14.2 0.45
15.3 0.54
16.4 0.63
17.5 0.57
10.0 0.1
12.0 0.25
13.1 0.34
14.2 0.45
15.3 0.54
16.4 0.63
17.5 0.57
10.0 0.1
12.0 0.25
13.1 0.34
14.2 0.45
15.3 0.54
16.4 0.63
17.5 0.57
10.0 0.1
12.0 0.25
13.1 0.34
14.2 0.45
15.3 0.54
16.4 0.63
17.5 0.57
10.0 0.1
12.0 0.25
13.1 0.34
14.2 0.45
15.3 0.54
16.4 0.63
17.5 0.57
10.0 0.1
12.0 0.25
13.1 0.34
14.2 0.45
15.3 0.54
16.4 0.63
17.5 0.57
10.0 0.1
12.0 0.25
13.1 0.34
14.2 0.45
15.3 0.54
16.4 0.63
17.5 0.57
10.0 0.1
12.0 0.25
13.1 0.34
14.2 0.45
15.3 0.54
16.4 0.63
17.5 0.57
10.0 0.1
12.0 0.25
13.1 0.34
14.2 0.45
15.3 0.54
16.4 0.63
17.5 0.57